INDEX NOMINVM ΕΤ RERVM MEMORABILIVM 329

Rhodanus 133, 16. Romana 7, 8. 22, 18. 29, 30. 82, 3,
Rhodiorum oppida terrae motu 139, 13. 202, 2. 11 12, 18. 31.
Pio imp. conciderunt 40, 19. 21. 41, 30. 47, 1. 48, 24. 70, 33.

76, 17. 81, 32. 100, 21. 110, 13.
116, 1. 117, 4. 120, 12. 125, 2.
127, 5. 145, 21. 151, 22. 171,
20. 195,10. 202, 22, 29. 207, 25.
216, 2. Romanae 6, 27. 174,
15. 226, 6. 237, 18. 258, 29.
266, 31. ΙΙ 105, 21. 117, 20,
119, 15. 129, 2, 6. 171. 3. 199.
7. 201, 14. Romanam 96, 2, 7.
98, 7. 106, 27. 157, 18. 261, 1.

Rhodopa 11 158, 9.
Rhoemetalces* uid. Rimethalces.

Rimetlealcen Pius in regnum Bos-
foranum remisit 41, 6.

Riparensea Π 163, 12.

ritus peregrinos impleuit Marcus
ἓῖὅὲόὶᾶτ. gentilis Heliogabali

*Roma 19,17. 153, 19. 220, 6. 221,7.

269,20. 11 36, 9. 77, 25. 184, 20.
218, 11. Romae 11, 3. 19, 26.
«36, 15. 39, 25. 40, 21. 48, 13. 50,
31. 51,·4, 12. 52, 3, 22. 64, 5.
68, 21. 73, 16. 99, 29. 100, 8.
127, 18, 28. 129, 15. 141,8. 142,
10. 145, 5, 24. 149, 20. 153, 11.
. 154, 5. 174, 4. 204, 3. 205, 12.
206, 11. 211, 4. 222, 3. 230. 2.
243, 4. 244, 11. 246, 6, 29. 250,
13, 14. 251, 26. 258, 27. 273, 4,
7. 11 9, 4. 15, 25. 17, 17. 26,
28. 29, 4. 38, 12. 51, 4, 20. 58,
26. 59, 8, 10. 61, 1, 12. 62, 20.
64, 14. 65, 23. 71,10. 78, 5. 80,6.
86, 30. 115, 23. 143, 25, 32.
149, 18. 152, 7. 155, 1. 163, 18.

166, 9. 167, 33. 168, 28. 169,Χ

6. 170, 1. 207, 13. 211, 1. 217,
13, 17. 224, 19. Romam 8, 1, 2.
9, 2. 14, 7, 11. 40, 31. 51, 1,
23. 55, 6. 56, 11. 62, 18. 65, 30.
73, 27. 74, 3. 91, 13. 121, 29.
122, 28. 125,14, 16. 127, 2. 128,
13. 129, 2, 4, 13, 22, 30.-1303
12. 131, 2. 132, 9. 133, 10, 31.
.142, 31. 148, 11. 159, 18. 160,
30. 165, 12. 168, 24. 174, 18, 22.
181, 15. 186, 16. 204, 26. 221,
29. 242, 29. 268, 4. 11 6, 13. 8,
26. 11, 24. 13, 23. 15, 23. 16,
16. 17, 5. 19, 30. 20, 11, 18, 24,
30. 21, 2. 34, 12. 50, 8. 60, 18.
75, 22. 79, 26. 81, 23. 131, 3.

143, 6. 161 24.159, 14. 198,·14.·

264, 11. 11 4, 23. 11, 17. 12. 22.
37, 6326. 69, 23. 78, 8. 83, 6,
162. 10. 156, 18. 159, 22. 169,

’· 2. 181, 14. 203, 6. Romanarum

11 52, 17. 93, 3. 122, 15. Ro-
manas 174, 17. 207, 2. 11 68, 8.
126, 27. 196, 12. 213, 22. Βο-
mane 238, 4. Romani 4, 23.
60, 30. 62, 23. 81, 12, 19. 91,
17. 95, 19. 237, 25. 239, 21.
242, 26. 246, 20. 266, 18. 274, 3.
11 12, 25. 13, 2. 21, 13. 47,30.
49, 25, 27. 66, 2. 68, 9, 22.
69, 10. 73, 9. 93, 27. 94, 20, 26.
112, 12. 113, 5, 16. 115, 17.
130, 23. 155, 9, 23. 157, 19.
171, 16. 172, 12. 174, 15. 175,
22. 217, 26. 226, 2. Romanis
81, 17. 102, 30. 109, 11. 122, 32.
156, 17. 205, 10. ΙΙ 65, 20.
68, 12, 13. 69, 5, 13. 92, 3.
119, 3. 146, 1. 159,.15. 165, 18.
181, 11. 196, 11. 198, 3. 199, 30.
202, 1. 218, 2. 226, 30. Romano
55, 7. 63, 23. 99, 7. 163, 14.
164, 27, 31. 200, 7. 204, 6. 242,
17. 269, 22. 11 29, 22. 31, 1.
33, 8, 19. 43, 22. 47, 11, 27.
59, 21. 62, 15. 66, 23. 84, 16.
94, 25. 104, 3, 25. 107, 26.
127, 18. 128, 18. 130, 17. 152,
12. 161, 3. 164. 24. 169, 10,
12, 20, 24, 30, 32. 177,14. 181,
27. 183, 19. 184, 17, 18. 195,
11. 198, 15, 16, 199, 2. 207,

